2256462238 272868806 222756596
2883874475 1945255196 178320531
1025753868 1262393928 220069640
2780673998 2532762404 101990486
222030751 1026223684 236170244
828766276 1895857025 35481787
3755107810 3521770115 3468846
2048518620 2246637941 74827173
550785854 2716185082 5650779
1819399513 252684903 20183903
4134370427 3177062502 147573242
1893363918 2365324803 45336497
458200995 495625402 92584859
3472537931 3557968177 35060837
122101104 2962265359 99929647
2192091098 2172374449 64371140
3538267850 3324635744 184110744
3758576656 3169743127 7319375
0 2410661300 122101104
4281943669 3508746488 13023627
1849504229 2321465114 43859689
3722378594 3525238961 32729216
1245823508 588210261 161392539
878164447 2814675938 147589421
864248063 1931338812 13916384
1938700415 749602800 109818205
2123345793 2745930633 68745305
3765896031 3826310364 218680395
747334084 2634752890 78853599
3984576426 4075659841 149794001
2882664484 1482463568 1209991
723239312 2721835861 24094772
3169743127 3593029014 233281350
1839583416 252656442 28461
2479218834 0 252656442
3507598768 4044990759 30669082
826187683 2713606489 2578593
1839611877 2236745589 9892352
556436633 859421005 166802679
3403024477 4225453842 69513454
2731875276 2123575727 48798722
1407216047 1483673559 412183466