1384411009 3878276792 140553103
3206048776 3137400006 12882465
2370337851 2414914902 179202838
23738616 0 161914533
0 262282387 23738616
840681798 3768356904 109919888
2340008493 3054171079 26130417
1524964112 840681798 815044381
3130048499 2668879895 76000277
185653149 548908967 81490523
3465042209 3687267183 62255927
367511526 286021003 262887964
3005762489 2744880172 124286010
1025363841 2357768227 57146675
2549540689 1901546427 456221800
3218931241 4018829895 240309425
1101344310 2869166182 185004897
1286349207 1655726179 98061802
2366138910 1753787981 4198941
3459240666 4259139320 5801543
950601686 2594117740 74762155
3584396646 1757986922 143559505
267143672 161914533 100367854
3527298136 3080301496 57098510
1082510516 3749523110 18833794
3727956151 3150282471 536984712