356025838 1142133666 189347695
155231063 1824123064 78066821
3486401291 3916497965 63138309
3054537751 3004205340 53510430
545373533 1910851890 39759630
43898462 1414278470 16090003
233297884 608643392 7876607
0 1051586050 43898462
3108048181 3669777676 160948090
3567273965 3979636274 194976344
146569058 1902189885 8662005
1423483364 1430368473 110560056
2195994218 3468690397 201087279
2497560353 2680093671 17356840
2667148760 3057715770 80634162
2747782922 2697450511 306754829
585133163 1540928529 283194535
1534043420 440260576 168382816
3762250309 2063919656 446944788
3318335889 3300624995 168065402
1308588274 1331481361 82797109
74539638 616519999 1422739
2546794082 4174612618 120354678
3268996271 3201674123 49339618
2127243847 2611343300 68750371
59988465 1095484512 14551173
2397081497 2510864444 100478856
1391385383 1110035685 32097981
1702426236 1016254966 35331084
3549539600 3282890630 17734365
2063919656 3138349932 63324191
1737757320 803400766 212854200
2514917193 3251013741 31876889
4209195097 3830725766 85772199
1003769840 135442142 304818434
241174491 617942738 114851347
868327698 0 135442142
75962377 732794085 70606681