1965922922 2387203602 59808406
2540447436 434094583 220346698
2217992666 1677013102 149631368
0 700424909 25332775
2488189883 199146916 52257553
1096820417 2512808179 247985955
25332775 725757684 113904366
4167057552 3534307691 127909744
1787863383 0 33562512
2947958449 3662217435 64182733
2907785302 3360301224 40173147
3774943096 4218385602 76581694
693455216 1273647901 403365201
380961654 1909017232 171283127
139237141 1031923388 241724513
2367624034 251404469 38193087
3038180364 3429533867 104773824
2484064707 1826644470 4125176
1344806372 128789319 70357597
3012141182 3109705711 26039182
1821425895 289597556 144497027
598228409 33562512 95226807
2405817121 1830769646 78247586
552244781 654441281 45983628
3641222276 3255639900 104661324
3851524790 3726400168 315532762
2025731328 839662050 192261338
3464769604 4041932930 176452672
1480960140 2080300359 306903243
1415163969 2447012008 65796171
3142954188 2787890295 321815416
3745883600 3400474371 29059496
2787890295 3135744893 119895007