974611207 822914672 41736646
1617020803 484683369 227984726
2936246728 1897199618 22236339
1599589242 1541299272 17431561
897092117 484593057 90312
2958483067 3614284126 70951194
3636585470 2567424345 5451325
0 2712467888 73845937
2654331234 1997195625 281915494
3241974258 3685235320 31499686
3642036795 3512208003 74698211
1092039278 1347003830 194295442
790747225 1558730833 106344892
897182429 42121154 77428778
1845005529 380881656 29170315
313046856 3156899567 355308436
1952497963 410051971 74541086
3043555623 2369005710 198418635
2040295599 119549932 261331724
3630375808 2279111119 6209662
3383720521 1665075725 217219287
2301627323 2670771541 41696347
1515904313 2285320781 83684929
73845937 1076160024 239200919
2343323670 864651318 182031257
2027039049 3601027576 13256550
2622688347 1315360943 31642887
2525354927 2572875670 19573752
1286334720 1076118575 41449
4007771416 3743620838 287195880
668355292 0 42121154
1286376169 1882295012 14904606
3600939808 1046682575 29436000
2544928679 1919435957 77759668
3273473944 712668095 110246577
3029434261 3586906214 14121362
3743620838 4030816718 264150578
710476446 2786313825 80270779
1016347853 3081208142 75691425
1874175844 2592449422 78322119
1301280775 2866584604 214623538